[ [RANDOM] ]
               InsertionSort     SelectionSort    Mergesort        Quicksort        HeapSort         CountingSort

n:1000        0.000100          0.000600         0.000300         0.000000         0.000200         0.000100

n:2000        0.000300          0.002700         0.000400         0.000200         0.000200         0.000200

n:3000        0.000800          0.006000         0.000900         0.000200         0.000500         0.000300

n:4000        0.000800          0.014700         0.001000         0.000200         0.000500         0.000400

n:5000        0.001900          0.022800         0.002500         0.000200         0.000500         0.002000

n:6000        0.003500          0.037800         0.002500         0.000200         0.001100         0.002000

n:7000        0.006700          0.058300         0.002600         0.000200         0.001300         0.002000

n:8000        0.009200          0.080400         0.005700         0.000200         0.002800         0.002000

n:9000        0.013900          0.111000         0.007400         0.000300         0.003800         0.002200

n:10000        0.019800          0.147400         0.010100         0.000700         0.005300         0.002300

n:11000        0.026300          0.196300         0.012600         0.001500         0.007200         0.002300

n:12000        0.034400          0.252200         0.015000         0.002300         0.008900         0.002500

n:13000        0.043800          0.314700         0.018300         0.003200         0.010900         0.002500

n:14000        0.053900          0.391300         0.018600         0.003300         0.011100         0.002500

n:15000        0.066400          0.469800         0.025400         0.003300         0.012700         0.004000

n:16000        0.079000          0.562000         0.031800         0.003300         0.015800         0.004000

n:17000        0.093800          0.664800         0.036200         0.005000         0.018000         0.005600

n:18000        0.111000          0.783500         0.039500         0.009100         0.018100         0.005600

n:19000        0.129700          0.914600         0.040700         0.015800         0.022400         0.005700

n:20000        0.151400          1.062700         0.043100         0.018500         0.025000         0.005700


[ [REVERSE] ]
               InsertionSort     SelectionSort    Mergesort        Quicksort        HeapSort         CountingSort

n:1000        0.000000          0.000000         0.000000         0.000000         0.000000         0.000000

n:2000        0.000000          0.000000         0.000000         0.015000         0.000000         0.000000

n:3000        0.000000          0.000000         0.015000         0.000000         0.000000         0.000000

n:4000        0.016000          0.000000         0.000000         0.016000         0.000000         0.000000

n:5000        0.021000          0.011000         0.000000         0.017000         0.000000         0.000000

n:6000        0.031000          0.015000         0.000000         0.016000         0.010000         0.000000

n:7000        0.053000          0.015000         0.000000         0.017000         0.000000         0.000000

n:8000        0.078000          0.028000         0.000000         0.014000         0.000000         0.000000

n:9000        0.080000          0.030000         0.000000         0.032000         0.000000         0.000000

n:10000        0.095000          0.047000         0.000000         0.032000         0.016000         0.000000

n:11000        0.126000          0.045000         0.000000         0.047000         0.000000         0.000000

n:12000        0.143000          0.063000         0.000000         0.063000         0.000000         0.000000

n:13000        0.177000          0.063000         0.000000         0.078000         0.000000         0.000000

n:14000        0.214000          0.099000         0.003000         0.088000         0.002000         0.000000

n:15000        0.237000          0.113000         0.003000         0.094000         0.002000         0.000000

n:16000        0.270000          0.132000         0.002000         0.095000         0.000000         0.000000

n:17000        0.286000          0.150000         0.009000         0.117000         0.000000         0.000000

n:18000        0.326000          0.190000         0.000000         0.139000         0.000000         0.000000

n:19000        0.376000          0.203000         0.000000         0.156000         0.000000         0.000000

n:20000        0.415000          0.237000         0.016000         0.153000         0.016000         0.000000


[ [SORTED] ]
               InsertionSort     SelectionSort    Mergesort        Quicksort        HeapSort         CountingSort

n:1000        0.000000          0.000000         0.000000         0.000000         0.000000         0.000000

n:2000        0.000000          0.000000         0.000000         0.000000         0.000000         0.000000

n:3000        0.000000          0.000000         0.000000         0.000000         0.000000         0.000000

n:4000        0.000000          0.016000         0.000000         0.000000         0.000000         0.000000

n:5000        0.000000          0.016000         0.000000         0.015000         0.000000         0.016000

n:6000        0.000000          0.016000         0.000000         0.015000         0.000000         0.111000

n:7000        0.000000          0.015000         0.000000         0.016000         0.000000         0.000000

n:8000        0.000000          0.031000         0.000000         0.016000         0.000000         0.000000

n:9000        0.000000          0.032000         0.000000         0.015000         0.000000         0.000000

n:10000        0.000000          0.048000         0.000000         0.015000         0.000000         0.000000

n:11000        0.000000          0.048000         0.013000         0.015000         0.000000         0.000000

n:12000        0.000000          0.054000         0.003000         0.033000         0.001000         0.000000

n:13000        0.000000          0.063000         0.003000         0.038000         0.002000         0.000000

n:14000        0.000000          0.073000         0.002000         0.044000         0.002000         0.000000

n:15000        0.000000          0.084000         0.003000         0.049000         0.002000         0.000000

n:16000        0.000000          0.093000         0.003000         0.056000         0.002000         0.000000

n:17000        0.000000          0.104000         0.003000         0.065000         0.003000         0.000000

n:18000        0.000000          0.122000         0.003000         0.069000         0.002000         0.000000

n:19000        0.000000          0.135000         0.003000         0.078000         0.003000         0.000000

n:20000        0.000000          0.154000         0.003000         0.087000         0.003000         0.000000


[ [NEARLY SORTED] ]
               InsertionSort     SelectionSort    Mergesort        Quicksort        HeapSort         CountingSort

n:1000        0.000000          0.001000         0.000000         0.000000         0.000000         0.000000

n:2000        0.000000          0.002000         0.000000         0.000000         0.000000         0.000000

n:3000        0.001000          0.004000         0.000000         0.001000         0.000000         0.000000

n:4000        0.001000          0.006000         0.001000         0.000000         0.001000         0.000000

n:5000        0.002000          0.009000         0.001000         0.001000         0.000000         0.001000

n:6000        0.003000          0.014000         0.000000         0.001000         0.001000         0.000000

n:7000        0.004000          0.018000         0.001000         0.001000         0.001000         0.000000

n:8000        0.005000          0.024000         0.001000         0.001000         0.001000         0.000000

n:9000        0.006000          0.030000         0.001000         0.001000         0.001000         0.001000

n:10000        0.008000          0.037000         0.001000         0.002000         0.001000         0.000000

n:11000        0.009000          0.044000         0.002000         0.001000         0.002000         0.000000

n:12000        0.012000          0.054000         0.002000         0.002000         0.002000         0.000000

n:13000        0.015000          0.063000         0.002000         0.002000         0.002000         0.000000

n:14000        0.015000          0.075000         0.003000         0.002000         0.002000         0.000000

n:15000        0.019000          0.084000         0.003000         0.003000         0.001000         0.001000

n:16000        0.022000          0.096000         0.003000         0.003000         0.002000         0.001000

n:17000        0.024000          0.104000         0.003000         0.003000         0.002000         0.001000

n:18000        0.025000          0.120000         0.003000         0.003000         0.003000         0.000000

n:19000        0.028000          0.133000         0.003000         0.004000         0.002000         0.001000

n:20000        0.033000          0.151000         0.004000         0.004000         0.001000         0.000000
